AAAAAA 2021.02.01 1 0.67 2 1 4 0.8
AAAAAA 2021.02.08 1 0.67 2 1 3 1 4 0.8 5 1
AAAAAA 2021.02.15 2 1 3 0.7 4 0.8 5 1
BBBBBB 2021.02.01 1 1 2 1 3 0.5 4 0.8 5 1
CCCCCC 2021.02.01 1 1 2 1 3 0.5 4 0.8 5 1
CCCCCC 2021.02.02 1 1 2 1 3 0.5 4 0.8 5 1
CCCCCC 2021.02.03 1 1 2 1 3 0.5 4 0.8 5 1
CCCCCC 2021.02.04 1 1 2 1 3 0.5 4 0.8 5 1
CCCCCC 2021.02.05 1 1 2 1 3 0.5 4 0.8 5 1
CCCCCC 2021.02.06 1 1 2 1 3 0.5 4 0.8 5 1
CCCCCC 2021.02.07 1 1 2 1 3 0.5 4 0.8 5 1
CCCCCC 2021.02.08 1 1 2 1 3 0.5 4 0.8 5 1
CCCCCC 2021.02.09 1 1 2 1 3 0.5 4 0.8 5 1
DDDDDD 2021.02.01 1 1 2 1 3 0.5 4 0.8 5 1
DDDDDD 2021.02.02 1 1 2 1 3 0.5 4 0.8 5 1
DDDDDD 2021.02.03 1 1 2 1 3 0.5 4 0.8 5 1
DDDDDD 2021.02.04 1 1 2 1 3 0.5 4 0.8 5 1
DDDDDD 2021.02.05 1 1 2 1 3 0.5 4 0.8 5 1
DDDDDD 2021.02.06 1 1 2 1 3 0.5 4 0.8 5 1
DDDDDD 2021.02.07 1 1 2 1 3 0.5 4 0.8 5 1
DDDDDD 2021.02.08 1 1 2 1 3 0.5 4 0.8 5 1
EEEEEE 2021.02.01 2 1 4 0.8
EEEEEE 2021.02.08 3 1 5 1
EEEEEE 2021.02.15 2 1 3 0.7 4 0.8 5 1

