100 40
49 9 0 74 47
46 23 44 73 54
22 62 29 26 10
51 87 38 7 32
24 73 33 0 0
0 82 0 79 34
57 21 0 76 0
0 22 0 28 0
1 40 13 30 56
3 65 8 0 0
0 76 28 68 11
9 8 37 15 0
39 71 58 42 24
0 77 64 13 0
21 88 47 77 14
0 70 0 24 0
0 63 12 66 0
26 85 0 57 0
11 7 0 81 15
32 58 15 86 59
0 25 0 41 49
2 94 16 45 0
42 29 7 0 0
29 27 1 35 0
27 64 0 0 58
7 47 36 50 42
18 6 0 39 57
35 80 25 87 5
0 31 55 65 25
0 59 61 27 30
61 3 34 91 33
12 43 65 47 2
52 89 3 56 37
0 41 14 38 21
0 79 67 51 22
43 33 72 19 0
8 13 48 83 7
0 67 0 62 28
0 75 2 0 53
28 93 70 58 45
41 12 68 71 48
0 18 0 84 23
0 11 0 29 40
25 38 0 63 0
0 68 0 17 0
59 66 41 20 29
10 84 63 89 0
34 39 40 31 12
50 44 0 85 0
33 95 11 61 0
4 0 0 22 44
15 15 69 9 52
36 34 19 52 0
48 54 20 3 19
37 2 35 0 51
0 4 9 69 0
0 56 22 8 31
5 0 49 43 20
0 60 5 12 41
0 36 43 1 0
45 96 0 33 36
38 45 66 80 0
0 50 23 88 0
0 81 10 37 0
55 83 0 10 0
53 16 26 23 0
60 37 50 18 43
0 35 71 5 0
63 52 21 14 4
0 51 60 4 13
0 78 42 60 9
0 0 0 90 0
16 90 0 0 55
30 19 27 59 27
64 1 4 67 6
0 26 0 75 16
31 55 62 11 0
0 91 17 49 1
17 30 56 36 18
47 0 59 46 39
14 92 6 25 0
54 32 32 48 35
0 57 57 82 0
56 69 0 55 50
6 24 52 34 17
13 46 31 70 0
23 17 39 72 0
20 53 0 53 0
0 72 51 44 0
0 86 53 0 0
58 42 0 2 0
0 48 24 0 38
44 14 30 6 0
40 20 46 40 8
0 74 45 21 0
0 49 18 78 46
19 28 0 54 0
0 10 0 64 26
62 5 0 16 0
0 61 54 32 3
